Scores (weighted; last digit subject to rounding):
	des_pwr         : 1.000439
	OVERALL         : 1.017003
	sec_ti_fts      : 0.999695
	des             : 1.034178
	des_area        : 1.000000
	sec             : 0.999827
	sec_ti          : 0.999827
	des_prf         : 1.102097
	sec_ti_sts      : 0.999960
Scores (weighted; last digit subject to rounding):
	des_pwr         : 1.007453
	OVERALL         : 0.586877
	sec_ti_fts      : 0.998327
	des             : 0.178156
	des_area        : 1.000000
	sec             : 0.995596
	sec_ti          : 0.995596
	des_prf         : -1.472984
	sec_ti_sts      : 0.992865
