Scores (weighted; last digit subject to rounding):
	des_pwr         : 1.000000
	OVERALL         : 0.997798
	sec_ti_fts      : 0.998327
	des             : 1.000000
	des_area        : 1.000000
	sec             : 0.995596
	sec_ti          : 0.995596
	des_prf         : 1.000001
	sec_ti_sts      : 0.992865
