Scores (weighted; last digit subject to rounding):
	des_pwr         : 1.001711
	OVERALL         : 1.001638
	sec_ti_fts      : 0.997617
	des             : 1.017537
	des_area        : 1.000000
	sec             : 0.985738
	sec_ti          : 0.985738
	des_prf         : 1.050903
	sec_ti_sts      : 0.973859
Scores (weighted; last digit subject to rounding):
	des_pwr         : 1.000961
	OVERALL         : 0.999397
	sec_ti_fts      : 0.998638
	des             : 1.006137
	des_area        : 1.000000
	sec             : 0.992657
	sec_ti          : 0.992657
	des_prf         : 1.017451
	sec_ti_sts      : 0.986676
