Scores (weighted; last digit subject to rounding):
	des_pwr         : 1.000962
	OVERALL         : 1.001652
	sec_ti_fts      : 0.998638
	des             : 1.010646
	des_area        : 1.000000
	sec             : 0.992657
	sec_ti          : 0.992657
	des_prf         : 1.030979
	sec_ti_sts      : 0.986676
Scores (weighted; last digit subject to rounding):
	des_pwr         : 1.000557
	OVERALL         : 0.998209
	sec_ti_fts      : 0.999149
	des             : 1.001739
	des_area        : 1.000000
	sec             : 0.994678
	sec_ti          : 0.994678
	des_prf         : 1.004663
	sec_ti_sts      : 0.990206
