Scores (weighted; last digit subject to rounding):
	des_pwr         : 1.000791
	OVERALL         : 1.000035
	sec_ti_fts      : 0.999707
	des             : 1.003523
	des_area        : 1.000000
	sec             : 0.996546
	sec_ti          : 0.996546
	des_prf         : 1.009780
	sec_ti_sts      : 0.993385
Scores (weighted; last digit subject to rounding):
	des_pwr         : 1.004563
	OVERALL         : 0.995033
	sec_ti_fts      : 0.998388
	des             : 1.015736
	des_area        : 1.000000
	sec             : 0.974329
	sec_ti          : 0.974329
	des_prf         : 1.042650
	sec_ti_sts      : 0.950268
