Scores (weighted; last digit subject to rounding):
	des_pwr         : 1.000467
	OVERALL         : 1.000649
	sec_ti_fts      : 0.999519
	des             : 1.001901
	des_area        : 1.000000
	sec             : 0.999397
	sec_ti          : 0.999397
	des_prf         : 1.005240
	sec_ti_sts      : 0.999274
Scores (weighted; last digit subject to rounding):
	des_pwr         : 1.002451
	OVERALL         : 0.996593
	sec_ti_fts      : 0.999199
	des             : 0.995324
	des_area        : 1.000000
	sec             : 0.997860
	sec_ti          : 0.997860
	des_prf         : 0.983526
	sec_ti_sts      : 0.996521
