Scores (weighted; last digit subject to rounding):
	des_pwr         : 1.000713
	OVERALL         : 1.002282
	sec_ti_fts      : 0.999542
	des             : 1.006536
	des_area        : 1.000000
	sec             : 0.998027
	sec_ti          : 0.998027
	des_prf         : 1.018900
	sec_ti_sts      : 0.996511
Scores (weighted; last digit subject to rounding):
	des_pwr         : 1.000328
	OVERALL         : 0.999178
	sec_ti_fts      : 0.999694
	des             : 0.999499
	des_area        : 1.000000
	sec             : 0.998856
	sec_ti          : 0.998856
	des_prf         : 0.998170
	sec_ti_sts      : 0.998016
